com.google.javascript.jscomp.parsing.ParserRunner,107,0.084
com.google.javascript.jscomp.parsing.ParserRunner,108,0.084
com.google.javascript.rhino.jstype.JSTypeRegistry,189,0.036
com.google.javascript.rhino.jstype.JSTypeRegistry,190,0.036
com.google.javascript.jscomp.parsing.TypeSafeDispatcher,198,0.035
com.google.javascript.jscomp.parsing.IRFactory,467,0.035
com.google.javascript.jscomp.parsing.IRFactory,468,0.035
com.google.javascript.jscomp.parsing.IRFactory,517,0.022
com.google.javascript.jscomp.parsing.IRFactory,518,0.022
com.google.javascript.jscomp.parsing.IRFactory,519,0.022
com.google.javascript.jscomp.parsing.IRFactory,526,0.022
com.google.javascript.jscomp.parsing.IRFactory,530,0.022
com.google.javascript.jscomp.parsing.IRFactory,532,0.022
com.google.javascript.jscomp.parsing.IRFactory,547,0.022
com.google.javascript.rhino.Node,1148,0.021
com.google.javascript.rhino.jstype.PrototypeObjectType,127,0.02
com.google.javascript.rhino.jstype.PrototypeObjectType,128,0.02
com.google.javascript.rhino.jstype.PrototypeObjectType,129,0.02
com.google.javascript.rhino.jstype.PrototypeObjectType,131,0.02
com.google.javascript.rhino.jstype.PrototypeObjectType,132,0.02
com.google.javascript.rhino.jstype.PrototypeObjectType,133,0.02
com.google.javascript.rhino.jstype.PrototypeObjectType,134,0.02
com.google.javascript.rhino.jstype.PrototypeObjectType,136,0.02
com.google.javascript.rhino.jstype.PrototypeObjectType,137,0.02
com.google.javascript.rhino.jstype.PrototypeObjectType,149,0.019
com.google.javascript.rhino.jstype.PrototypeObjectType,145,0.018
com.google.javascript.rhino.jstype.PrototypeObjectType,146,0.018
com.google.javascript.rhino.jstype.PrototypeObjectType,142,0.018
com.google.javascript.jscomp.parsing.IRFactory,215,0.015
com.google.javascript.jscomp.parsing.IRFactory,216,0.015
com.google.javascript.jscomp.parsing.TypeSafeDispatcher,229,0.015
com.google.javascript.jscomp.parsing.IRFactory,514,0.015
com.google.javascript.jscomp.parsing.IRFactory,515,0.015
com.google.javascript.jscomp.parsing.IRFactory,516,0.015
com.google.javascript.jscomp.parsing.IRFactory,521,0.015
com.google.javascript.jscomp.parsing.IRFactory,522,0.015
com.google.javascript.jscomp.parsing.IRFactory,523,0.015
com.google.javascript.jscomp.parsing.IRFactory,535,0.015
com.google.javascript.jscomp.parsing.IRFactory,536,0.015
com.google.javascript.jscomp.parsing.IRFactory,543,0.015
com.google.javascript.jscomp.parsing.IRFactory,544,0.015
com.google.javascript.jscomp.parsing.IRFactory,549,0.015
com.google.javascript.jscomp.parsing.IRFactory,552,0.015
com.google.javascript.jscomp.parsing.IRFactory,553,0.015
com.google.javascript.jscomp.parsing.IRFactory,556,0.015
com.google.javascript.jscomp.parsing.IRFactory,558,0.015
com.google.javascript.jscomp.parsing.IRFactory,559,0.015
com.google.javascript.jscomp.parsing.IRFactory,560,0.015
com.google.javascript.jscomp.parsing.IRFactory,561,0.015
com.google.javascript.jscomp.parsing.TypeSafeDispatcher,172,0.015
com.google.javascript.jscomp.parsing.IRFactory,399,0.015
com.google.javascript.jscomp.parsing.TypeSafeDispatcher,171,0.015
com.google.javascript.jscomp.parsing.IRFactory,280,0.015
com.google.javascript.jscomp.parsing.IRFactory,281,0.015
com.google.javascript.jscomp.parsing.IRFactory,284,0.015
com.google.javascript.jscomp.parsing.IRFactory,1196,0.015
com.google.javascript.rhino.jstype.InstanceObjectType,88,0.014
com.google.javascript.rhino.jstype.InstanceObjectType,89,0.014
com.google.javascript.rhino.jstype.InstanceObjectType,92,0.014
com.google.javascript.rhino.jstype.ObjectType,452,0.014
com.google.javascript.rhino.jstype.InstanceObjectType,156,0.014
com.google.javascript.rhino.jstype.JSType,300,0.014
com.google.javascript.rhino.jstype.FunctionPrototypeType,76,0.014
com.google.javascript.rhino.Node,1176,0.014
com.google.javascript.rhino.jstype.PrototypeObjectType,154,0.014
com.google.javascript.rhino.jstype.PrototypeObjectType,230,0.014
com.google.javascript.rhino.jstype.PrototypeObjectType,233,0.014
com.google.javascript.rhino.jstype.PrototypeObjectType,234,0.014
com.google.javascript.rhino.jstype.ObjectType,404,0.014
com.google.javascript.rhino.jstype.PrototypeObjectType,504,0.014
com.google.javascript.rhino.jstype.PrototypeObjectType,506,0.014
com.google.javascript.rhino.jstype.PrototypeObjectType,507,0.014
com.google.javascript.rhino.jstype.PrototypeObjectType,508,0.014
com.google.javascript.rhino.jstype.PrototypeObjectType,509,0.014
com.google.javascript.rhino.jstype.PrototypeObjectType,510,0.014
com.google.javascript.rhino.jstype.PrototypeObjectType,511,0.014
com.google.javascript.rhino.jstype.JSTypeRegistry,927,0.014
com.google.javascript.rhino.jstype.FunctionType,177,0.014
com.google.javascript.rhino.jstype.FunctionPrototypeType,67,0.013
com.google.javascript.rhino.jstype.FunctionPrototypeType,70,0.013
com.google.javascript.jscomp.parsing.IRFactory,942,0.013
com.google.javascript.jscomp.parsing.ParserRunner,114,0.013
com.google.javascript.jscomp.parsing.ParserRunner,122,0.013
com.google.javascript.jscomp.parsing.ParserRunner,124,0.013
com.google.javascript.jscomp.parsing.ParserRunner,98,0.013
com.google.javascript.jscomp.parsing.ParserRunner,99,0.013
com.google.javascript.jscomp.parsing.ParserRunner,100,0.013
com.google.javascript.jscomp.parsing.ParserRunner,101,0.013
com.google.javascript.jscomp.parsing.ParserRunner,102,0.013
com.google.javascript.jscomp.parsing.ParserRunner,103,0.013
com.google.javascript.jscomp.parsing.ParserRunner,104,0.013
com.google.javascript.jscomp.parsing.ParserRunner,105,0.013
com.google.javascript.jscomp.parsing.ParserRunner,106,0.013
com.google.javascript.jscomp.parsing.ParserRunner,111,0.013
com.google.javascript.jscomp.parsing.ParserRunner,112,0.013
com.google.javascript.jscomp.parsing.ParserRunner,118,0.013
com.google.javascript.jscomp.parsing.ParserRunner,120,0.013
com.google.javascript.jscomp.parsing.ParserRunner,121,0.013
com.google.javascript.jscomp.parsing.ParserRunner,126,0.013
com.google.javascript.rhino.Node,781,0.013
com.google.javascript.rhino.Node,782,0.013
com.google.javascript.rhino.Node,786,0.013
com.google.javascript.rhino.Node,778,0.013
com.google.javascript.jscomp.parsing.TypeSafeDispatcher,243,0.013
com.google.javascript.jscomp.parsing.IRFactory,627,0.013
com.google.javascript.jscomp.parsing.IRFactory,1276,0.013
com.google.javascript.jscomp.parsing.IRFactory,266,0.013
com.google.javascript.jscomp.parsing.IRFactory,356,0.013
com.google.javascript.jscomp.parsing.IRFactory,357,0.013
com.google.javascript.jscomp.parsing.IRFactory,391,0.013
com.google.javascript.jscomp.parsing.IRFactory,392,0.013
com.google.javascript.jscomp.parsing.TypeSafeDispatcher,73,0.013
com.google.javascript.jscomp.parsing.IRFactory,86,0.013
com.google.javascript.jscomp.parsing.IRFactory,90,0.013
com.google.javascript.jscomp.parsing.IRFactory,91,0.013
com.google.javascript.jscomp.parsing.IRFactory,93,0.013
com.google.javascript.jscomp.parsing.IRFactory,104,0.013
com.google.javascript.jscomp.parsing.IRFactory,105,0.013
com.google.javascript.jscomp.parsing.IRFactory,106,0.013
com.google.javascript.jscomp.parsing.IRFactory,107,0.013
com.google.javascript.jscomp.parsing.IRFactory,108,0.013
com.google.javascript.jscomp.parsing.IRFactory,109,0.013
com.google.javascript.jscomp.parsing.IRFactory,111,0.013
com.google.javascript.jscomp.parsing.IRFactory,112,0.013
com.google.javascript.jscomp.parsing.IRFactory,119,0.013
com.google.javascript.jscomp.parsing.TypeSafeDispatcher,119,0.013
com.google.javascript.jscomp.parsing.IRFactory,120,0.013
com.google.javascript.jscomp.parsing.IRFactory,121,0.013
com.google.javascript.jscomp.parsing.IRFactory,128,0.013
com.google.javascript.jscomp.parsing.IRFactory,130,0.013
com.google.javascript.jscomp.parsing.IRFactory,132,0.013
com.google.javascript.jscomp.parsing.IRFactory,140,0.013
com.google.javascript.jscomp.parsing.IRFactory,142,0.013
com.google.javascript.jscomp.parsing.IRFactory,149,0.013
com.google.javascript.jscomp.parsing.IRFactory,150,0.013
com.google.javascript.jscomp.parsing.IRFactory,157,0.013
com.google.javascript.jscomp.parsing.IRFactory,194,0.013
com.google.javascript.jscomp.parsing.IRFactory,195,0.013
com.google.javascript.jscomp.parsing.IRFactory,202,0.013
com.google.javascript.jscomp.parsing.IRFactory,206,0.013
com.google.javascript.jscomp.parsing.IRFactory,207,0.013
com.google.javascript.jscomp.parsing.IRFactory,208,0.013
com.google.javascript.jscomp.parsing.IRFactory,213,0.013
com.google.javascript.jscomp.parsing.IRFactory,218,0.013
com.google.javascript.jscomp.parsing.IRFactory,222,0.013
com.google.javascript.jscomp.parsing.IRFactory,223,0.013
com.google.javascript.jscomp.parsing.IRFactory,224,0.013
com.google.javascript.jscomp.parsing.IRFactory,225,0.013
com.google.javascript.jscomp.parsing.IRFactory,228,0.013
com.google.javascript.jscomp.parsing.TypeSafeDispatcher,255,0.013
com.google.javascript.jscomp.parsing.IRFactory,264,0.013
com.google.javascript.jscomp.parsing.IRFactory,265,0.013
com.google.javascript.jscomp.parsing.IRFactory,274,0.013
com.google.javascript.jscomp.parsing.IRFactory,277,0.013
com.google.javascript.jscomp.parsing.IRFactory,354,0.013
com.google.javascript.jscomp.parsing.IRFactory,355,0.013
com.google.javascript.jscomp.parsing.IRFactory,358,0.013
com.google.javascript.jscomp.parsing.IRFactory,359,0.013
com.google.javascript.jscomp.parsing.IRFactory,373,0.013
com.google.javascript.jscomp.parsing.IRFactory,374,0.013
com.google.javascript.jscomp.parsing.IRFactory,383,0.013
com.google.javascript.jscomp.parsing.IRFactory,386,0.013
com.google.javascript.jscomp.parsing.IRFactory,389,0.013
com.google.javascript.rhino.Node,1137,0.013
com.google.javascript.rhino.Node,1138,0.013
com.google.javascript.jscomp.parsing.IRFactory,1256,0.013
com.google.javascript.rhino.Node,1129,0.013
com.google.javascript.rhino.Node,1130,0.013
com.google.javascript.rhino.Node,1131,0.013
com.google.javascript.rhino.Node,1133,0.013
com.google.javascript.rhino.Node,1134,0.013
com.google.javascript.rhino.Node,1162,0.013
com.google.javascript.rhino.Node,1174,0.013
com.google.javascript.rhino.Node,2012,0.013
com.google.javascript.rhino.Node,2013,0.013
com.google.javascript.rhino.Node,1927,0.013
com.google.javascript.rhino.Node,1938,0.013
com.google.javascript.rhino.Node,1968,0.013
com.google.javascript.rhino.Node,1969,0.013
com.google.javascript.rhino.Node,1961,0.013
com.google.javascript.rhino.Node,792,0.013
com.google.javascript.rhino.Node,793,0.013
com.google.javascript.rhino.Node,794,0.013
com.google.javascript.rhino.Node,1164,0.013
com.google.javascript.rhino.jstype.ValueType,49,0.013
com.google.javascript.rhino.jstype.ValueType,50,0.013
com.google.javascript.rhino.jstype.ErrorFunctionType,51,0.013
com.google.javascript.rhino.jstype.FunctionParamBuilder,52,0.013
com.google.javascript.rhino.jstype.AllType,53,0.013
com.google.javascript.rhino.jstype.BooleanType,53,0.013
com.google.javascript.rhino.jstype.NumberType,53,0.013
com.google.javascript.rhino.jstype.StringType,53,0.013
com.google.javascript.rhino.jstype.AllType,54,0.013
com.google.javascript.rhino.jstype.BooleanType,54,0.013
com.google.javascript.rhino.jstype.FunctionBuilder,54,0.013
com.google.javascript.rhino.jstype.FunctionParamBuilder,54,0.013
com.google.javascript.rhino.jstype.NullType,54,0.013
com.google.javascript.rhino.jstype.NumberType,54,0.013
com.google.javascript.rhino.jstype.StringType,54,0.013
com.google.javascript.rhino.jstype.VoidType,54,0.013
com.google.javascript.rhino.jstype.FunctionBuilder,55,0.013
com.google.javascript.rhino.jstype.FunctionParamBuilder,55,0.013
com.google.javascript.rhino.jstype.FunctionPrototypeType,55,0.013
com.google.javascript.rhino.jstype.NullType,55,0.013
com.google.javascript.rhino.jstype.VoidType,55,0.013
com.google.javascript.rhino.jstype.FunctionBuilder,56,0.013
com.google.javascript.rhino.jstype.FunctionParamBuilder,56,0.013
com.google.javascript.rhino.jstype.FunctionBuilder,57,0.013
com.google.javascript.rhino.jstype.FunctionPrototypeType,57,0.013
com.google.javascript.rhino.jstype.FunctionBuilder,58,0.013
com.google.javascript.rhino.jstype.FunctionPrototypeType,58,0.013
com.google.javascript.rhino.jstype.FunctionBuilder,59,0.013
com.google.javascript.rhino.jstype.NoResolvedType,59,0.013
com.google.javascript.rhino.jstype.UnknownType,59,0.013
com.google.javascript.rhino.jstype.FunctionBuilder,60,0.013
com.google.javascript.rhino.jstype.InstanceObjectType,60,0.013
com.google.javascript.rhino.jstype.NoResolvedType,60,0.013
com.google.javascript.rhino.jstype.UnknownType,60,0.013
com.google.javascript.rhino.jstype.FunctionBuilder,61,0.013
com.google.javascript.rhino.jstype.InstanceObjectType,61,0.013
com.google.javascript.rhino.jstype.UnknownType,61,0.013
com.google.javascript.rhino.jstype.FunctionBuilder,62,0.013
com.google.javascript.rhino.jstype.FunctionPrototypeType,62,0.013
com.google.javascript.rhino.jstype.InstanceObjectType,62,0.013
com.google.javascript.rhino.jstype.FunctionParamBuilder,63,0.013
com.google.javascript.rhino.jstype.FunctionPrototypeType,63,0.013
com.google.javascript.rhino.jstype.InstanceObjectType,63,0.013
com.google.javascript.rhino.jstype.ArrowType,64,0.013
com.google.javascript.rhino.jstype.FunctionBuilder,64,0.013
com.google.javascript.rhino.jstype.ArrowType,65,0.013
com.google.javascript.rhino.jstype.FunctionBuilder,65,0.013
com.google.javascript.rhino.jstype.NoType,65,0.013
com.google.javascript.rhino.jstype.FunctionBuilder,66,0.013
com.google.javascript.rhino.jstype.NoType,66,0.013
com.google.javascript.rhino.jstype.FunctionParamBuilder,67,0.013
com.google.javascript.rhino.jstype.NoObjectType,67,0.013
com.google.javascript.rhino.jstype.AllType,68,0.013
com.google.javascript.rhino.jstype.FunctionParamBuilder,68,0.013
com.google.javascript.rhino.jstype.ArrowType,69,0.013
com.google.javascript.rhino.jstype.FunctionParamBuilder,70,0.013
com.google.javascript.rhino.jstype.NoObjectType,70,0.013
com.google.javascript.rhino.jstype.ArrowType,71,0.013
com.google.javascript.rhino.jstype.NoObjectType,71,0.013
com.google.javascript.rhino.jstype.NoObjectType,72,0.013
com.google.javascript.rhino.jstype.ErrorFunctionType,73,0.013
com.google.javascript.rhino.jstype.ArrowType,74,0.013
com.google.javascript.rhino.jstype.ErrorFunctionType,74,0.013
com.google.javascript.rhino.jstype.ArrowType,76,0.013
com.google.javascript.rhino.jstype.ArrowType,77,0.013
com.google.javascript.rhino.jstype.FunctionParamBuilder,80,0.013
com.google.javascript.rhino.jstype.ObjectType,82,0.013
com.google.javascript.rhino.jstype.ObjectType,83,0.013
com.google.javascript.rhino.jstype.FunctionParamBuilder,84,0.013
com.google.javascript.rhino.jstype.PrototypeObjectType,84,0.013
com.google.javascript.rhino.jstype.FunctionParamBuilder,85,0.013
com.google.javascript.rhino.jstype.ObjectType,86,0.013
com.google.javascript.rhino.jstype.FunctionParamBuilder,87,0.013
com.google.javascript.rhino.jstype.ObjectType,87,0.013
com.google.javascript.rhino.jstype.FunctionBuilder,90,0.013
com.google.javascript.rhino.jstype.FunctionBuilder,91,0.013
com.google.javascript.rhino.jstype.JSTypeRegistry,93,0.013
com.google.javascript.rhino.jstype.FunctionParamBuilder,95,0.013
com.google.javascript.rhino.jstype.FunctionBuilder,96,0.013
com.google.javascript.rhino.jstype.VoidType,96,0.013
com.google.javascript.rhino.jstype.FunctionBuilder,97,0.013
com.google.javascript.rhino.jstype.PrototypeObjectType,101,0.013
com.google.javascript.rhino.jstype.VoidType,101,0.013
com.google.javascript.rhino.jstype.PrototypeObjectType,102,0.013
com.google.javascript.rhino.jstype.FunctionParamBuilder,104,0.013
com.google.javascript.rhino.jstype.NullType,104,0.013
com.google.javascript.rhino.jstype.FunctionParamBuilder,105,0.013
com.google.javascript.rhino.jstype.FunctionParamBuilder,107,0.013
com.google.javascript.rhino.jstype.FunctionParamBuilder,108,0.013
com.google.javascript.rhino.jstype.FunctionType,108,0.013
com.google.javascript.rhino.jstype.JSTypeRegistry,108,0.013
com.google.javascript.rhino.jstype.NullType,109,0.013
com.google.javascript.rhino.jstype.JSType,110,0.013
com.google.javascript.rhino.jstype.PrototypeObjectType,110,0.013
com.google.javascript.rhino.jstype.PrototypeObjectType,111,0.013
com.google.javascript.rhino.jstype.PrototypeObjectType,112,0.013
com.google.javascript.rhino.jstype.JSTypeRegistry,113,0.013
com.google.javascript.rhino.jstype.PrototypeObjectType,113,0.013
com.google.javascript.rhino.jstype.PrototypeObjectType,114,0.013
com.google.javascript.rhino.jstype.PrototypeObjectType,115,0.013
com.google.javascript.rhino.jstype.JSTypeRegistry,117,0.013
com.google.javascript.rhino.jstype.PrototypeObjectType,117,0.013
com.google.javascript.rhino.jstype.PrototypeObjectType,120,0.013
com.google.javascript.rhino.jstype.FunctionParamBuilder,123,0.013
com.google.javascript.rhino.jstype.JSTypeRegistry,123,0.013
com.google.javascript.rhino.jstype.FunctionParamBuilder,124,0.013
com.google.javascript.rhino.jstype.FunctionParamBuilder,125,0.013
com.google.javascript.rhino.jstype.FunctionType,125,0.013
com.google.javascript.rhino.jstype.FunctionParamBuilder,126,0.013
com.google.javascript.rhino.jstype.FunctionType,128,0.013
com.google.javascript.rhino.jstype.JSTypeRegistry,129,0.013
com.google.javascript.rhino.jstype.FunctionParamBuilder,130,0.013
com.google.javascript.rhino.jstype.FunctionType,130,0.013
com.google.javascript.rhino.jstype.FunctionType,131,0.013
com.google.javascript.rhino.jstype.FunctionType,132,0.013
com.google.javascript.rhino.jstype.FunctionType,133,0.013
com.google.javascript.rhino.jstype.JSTypeRegistry,133,0.013
com.google.javascript.rhino.jstype.FunctionParamBuilder,134,0.013
com.google.javascript.rhino.jstype.FunctionType,134,0.013
com.google.javascript.rhino.jstype.FunctionParamBuilder,135,0.013
com.google.javascript.rhino.jstype.FunctionType,137,0.013
com.google.javascript.rhino.jstype.JSTypeRegistry,137,0.013
com.google.javascript.rhino.jstype.FunctionParamBuilder,140,0.013
com.google.javascript.rhino.jstype.FunctionParamBuilder,141,0.013
com.google.javascript.rhino.jstype.FunctionType,141,0.013
com.google.javascript.rhino.jstype.JSTypeRegistry,141,0.013
com.google.javascript.rhino.jstype.FunctionType,142,0.013
com.google.javascript.rhino.jstype.UnionTypeBuilder,142,0.013
com.google.javascript.rhino.jstype.FunctionType,143,0.013
com.google.javascript.rhino.jstype.JSTypeRegistry,145,0.013
com.google.javascript.rhino.jstype.FunctionBuilder,159,0.013
com.google.javascript.rhino.jstype.JSType,159,0.013
com.google.javascript.rhino.jstype.JSType,163,0.013
com.google.javascript.rhino.jstype.FunctionType,172,0.013
com.google.javascript.rhino.jstype.JSTypeRegistry,183,0.013
com.google.javascript.rhino.jstype.FunctionType,187,0.013
com.google.javascript.rhino.jstype.JSTypeRegistry,196,0.013
com.google.javascript.rhino.jstype.JSTypeRegistry,197,0.013
com.google.javascript.rhino.jstype.JSTypeRegistry,198,0.013
com.google.javascript.rhino.jstype.JSTypeRegistry,199,0.013
com.google.javascript.rhino.jstype.JSTypeRegistry,200,0.013
com.google.javascript.rhino.jstype.JSTypeRegistry,201,0.013
com.google.javascript.rhino.jstype.JSTypeRegistry,202,0.013
com.google.javascript.rhino.jstype.JSTypeRegistry,228,0.013
com.google.javascript.rhino.jstype.JSTypeRegistry,229,0.013
com.google.javascript.rhino.jstype.JSTypeRegistry,230,0.013
com.google.javascript.rhino.jstype.JSTypeRegistry,231,0.013
com.google.javascript.rhino.jstype.JSTypeRegistry,232,0.013
com.google.javascript.rhino.jstype.JSTypeRegistry,233,0.013
com.google.javascript.rhino.jstype.JSTypeRegistry,234,0.013
com.google.javascript.rhino.jstype.JSTypeRegistry,238,0.013
com.google.javascript.rhino.jstype.JSTypeRegistry,239,0.013
com.google.javascript.rhino.jstype.JSTypeRegistry,241,0.013
com.google.javascript.rhino.jstype.JSTypeRegistry,242,0.013
com.google.javascript.rhino.jstype.JSTypeRegistry,244,0.013
com.google.javascript.rhino.jstype.JSTypeRegistry,245,0.013
com.google.javascript.rhino.jstype.JSTypeRegistry,247,0.013
com.google.javascript.rhino.jstype.JSTypeRegistry,248,0.013
com.google.javascript.rhino.jstype.ObjectType,249,0.013
com.google.javascript.rhino.jstype.JSTypeRegistry,250,0.013
com.google.javascript.rhino.jstype.FunctionType,251,0.013
com.google.javascript.rhino.jstype.JSTypeRegistry,251,0.013
com.google.javascript.rhino.jstype.JSTypeRegistry,252,0.013
com.google.javascript.rhino.jstype.JSTypeRegistry,255,0.013
com.google.javascript.rhino.jstype.JSTypeRegistry,256,0.013
com.google.javascript.rhino.jstype.ObjectType,256,0.013
com.google.javascript.rhino.jstype.JSTypeRegistry,258,0.013
com.google.javascript.rhino.jstype.ObjectType,258,0.013
com.google.javascript.rhino.jstype.JSTypeRegistry,259,0.013
com.google.javascript.rhino.jstype.FunctionType,261,0.013
com.google.javascript.rhino.jstype.JSTypeRegistry,265,0.013
com.google.javascript.rhino.jstype.JSTypeRegistry,267,0.013
com.google.javascript.rhino.jstype.JSTypeRegistry,270,0.013
com.google.javascript.rhino.jstype.FunctionType,272,0.013
com.google.javascript.rhino.jstype.FunctionType,273,0.013
com.google.javascript.rhino.jstype.JSTypeRegistry,274,0.013
com.google.javascript.rhino.jstype.JSTypeRegistry,276,0.013
com.google.javascript.rhino.jstype.JSTypeRegistry,278,0.013
com.google.javascript.rhino.jstype.FunctionType,279,0.013
com.google.javascript.rhino.jstype.JSTypeRegistry,279,0.013
com.google.javascript.rhino.jstype.JSTypeRegistry,281,0.013
com.google.javascript.rhino.jstype.JSTypeRegistry,282,0.013
com.google.javascript.rhino.jstype.JSTypeRegistry,285,0.013
com.google.javascript.rhino.jstype.FunctionType,287,0.013
com.google.javascript.rhino.jstype.JSTypeRegistry,290,0.013
com.google.javascript.rhino.jstype.FunctionType,291,0.013
com.google.javascript.rhino.jstype.JSTypeRegistry,291,0.013
com.google.javascript.rhino.jstype.JSTypeRegistry,294,0.013
com.google.javascript.rhino.jstype.FunctionType,295,0.013
com.google.javascript.rhino.jstype.JSTypeRegistry,295,0.013
com.google.javascript.rhino.jstype.FunctionType,296,0.013
com.google.javascript.rhino.jstype.JSTypeRegistry,297,0.013
com.google.javascript.rhino.jstype.FunctionType,298,0.013
com.google.javascript.rhino.jstype.JSTypeRegistry,298,0.013
com.google.javascript.rhino.jstype.FunctionType,299,0.013
com.google.javascript.rhino.jstype.FunctionType,300,0.013
com.google.javascript.rhino.jstype.JSTypeRegistry,300,0.013
com.google.javascript.rhino.jstype.FunctionType,301,0.013
com.google.javascript.rhino.jstype.JSTypeRegistry,301,0.013
com.google.javascript.rhino.jstype.JSTypeRegistry,303,0.013
com.google.javascript.rhino.jstype.JSTypeRegistry,304,0.013
com.google.javascript.rhino.jstype.FunctionType,305,0.013
com.google.javascript.rhino.jstype.FunctionType,306,0.013
com.google.javascript.rhino.jstype.JSTypeRegistry,307,0.013
com.google.javascript.rhino.jstype.FunctionType,309,0.013
com.google.javascript.rhino.jstype.JSTypeRegistry,311,0.013
com.google.javascript.rhino.jstype.JSTypeRegistry,314,0.013
com.google.javascript.rhino.jstype.JSTypeRegistry,315,0.013
com.google.javascript.rhino.jstype.JSTypeRegistry,317,0.013
com.google.javascript.rhino.jstype.JSTypeRegistry,318,0.013
com.google.javascript.rhino.jstype.JSTypeRegistry,321,0.013
com.google.javascript.rhino.jstype.JSTypeRegistry,325,0.013
com.google.javascript.rhino.jstype.JSTypeRegistry,326,0.013
com.google.javascript.rhino.jstype.JSTypeRegistry,329,0.013
com.google.javascript.rhino.jstype.JSTypeRegistry,331,0.013
com.google.javascript.rhino.jstype.JSTypeRegistry,334,0.013
com.google.javascript.rhino.jstype.JSTypeRegistry,341,0.013
com.google.javascript.rhino.jstype.JSTypeRegistry,342,0.013
com.google.javascript.rhino.jstype.JSTypeRegistry,344,0.013
com.google.javascript.rhino.jstype.JSTypeRegistry,345,0.013
com.google.javascript.rhino.jstype.JSTypeRegistry,348,0.013
com.google.javascript.rhino.jstype.JSTypeRegistry,349,0.013
com.google.javascript.rhino.jstype.JSTypeRegistry,351,0.013
com.google.javascript.rhino.jstype.JSTypeRegistry,352,0.013
com.google.javascript.rhino.jstype.JSTypeRegistry,355,0.013
com.google.javascript.rhino.jstype.JSTypeRegistry,357,0.013
com.google.javascript.rhino.jstype.JSTypeRegistry,358,0.013
com.google.javascript.rhino.jstype.JSTypeRegistry,361,0.013
com.google.javascript.rhino.jstype.JSTypeRegistry,362,0.013
com.google.javascript.rhino.jstype.JSTypeRegistry,365,0.013
com.google.javascript.rhino.jstype.JSTypeRegistry,367,0.013
com.google.javascript.rhino.jstype.JSTypeRegistry,368,0.013
com.google.javascript.rhino.jstype.JSTypeRegistry,371,0.013
com.google.javascript.rhino.jstype.JSTypeRegistry,372,0.013
com.google.javascript.rhino.jstype.JSTypeRegistry,375,0.013
com.google.javascript.rhino.jstype.JSTypeRegistry,377,0.013
com.google.javascript.rhino.jstype.JSTypeRegistry,378,0.013
com.google.javascript.rhino.jstype.JSTypeRegistry,381,0.013
com.google.javascript.rhino.jstype.JSTypeRegistry,383,0.013
com.google.javascript.rhino.jstype.JSTypeRegistry,386,0.013
com.google.javascript.rhino.jstype.JSTypeRegistry,388,0.013
com.google.javascript.rhino.jstype.JSTypeRegistry,389,0.013
com.google.javascript.rhino.jstype.PrototypeObjectType,389,0.013
com.google.javascript.rhino.jstype.JSTypeRegistry,392,0.013
com.google.javascript.rhino.jstype.JSTypeRegistry,393,0.013
com.google.javascript.rhino.jstype.JSTypeRegistry,396,0.013
com.google.javascript.rhino.jstype.JSTypeRegistry,398,0.013
com.google.javascript.rhino.jstype.JSTypeRegistry,399,0.013
com.google.javascript.rhino.jstype.JSTypeRegistry,402,0.013
com.google.javascript.rhino.jstype.JSTypeRegistry,403,0.013
com.google.javascript.rhino.jstype.PrototypeObjectType,404,0.013
com.google.javascript.rhino.jstype.PrototypeObjectType,405,0.013
com.google.javascript.rhino.jstype.JSTypeRegistry,406,0.013
com.google.javascript.rhino.jstype.PrototypeObjectType,406,0.013
com.google.javascript.rhino.jstype.JSTypeRegistry,408,0.013
com.google.javascript.rhino.jstype.JSTypeRegistry,409,0.013
com.google.javascript.rhino.jstype.JSTypeRegistry,412,0.013
com.google.javascript.rhino.jstype.JSTypeRegistry,413,0.013
com.google.javascript.rhino.jstype.JSTypeRegistry,416,0.013
com.google.javascript.rhino.jstype.JSTypeRegistry,420,0.013
com.google.javascript.rhino.jstype.JSTypeRegistry,421,0.013
com.google.javascript.rhino.jstype.JSTypeRegistry,424,0.013
com.google.javascript.rhino.jstype.JSTypeRegistry,426,0.013
com.google.javascript.rhino.jstype.JSTypeRegistry,429,0.013
com.google.javascript.rhino.jstype.JSTypeRegistry,433,0.013
com.google.javascript.rhino.jstype.FunctionType,435,0.013
com.google.javascript.rhino.jstype.FunctionType,436,0.013
com.google.javascript.rhino.jstype.JSTypeRegistry,436,0.013
com.google.javascript.rhino.jstype.FunctionType,437,0.013
com.google.javascript.rhino.jstype.JSTypeRegistry,437,0.013
com.google.javascript.rhino.jstype.FunctionType,438,0.013
com.google.javascript.rhino.jstype.JSTypeRegistry,439,0.013
com.google.javascript.rhino.jstype.JSTypeRegistry,440,0.013
com.google.javascript.rhino.jstype.FunctionType,441,0.013
com.google.javascript.rhino.jstype.JSTypeRegistry,443,0.013
com.google.javascript.rhino.jstype.JSTypeRegistry,447,0.013
com.google.javascript.rhino.jstype.JSTypeRegistry,448,0.013
com.google.javascript.rhino.jstype.JSTypeRegistry,451,0.013
com.google.javascript.rhino.jstype.JSTypeRegistry,453,0.013
com.google.javascript.rhino.jstype.JSTypeRegistry,457,0.013
com.google.javascript.rhino.jstype.JSTypeRegistry,459,0.013
com.google.javascript.rhino.jstype.JSTypeRegistry,462,0.013
com.google.javascript.rhino.jstype.JSTypeRegistry,464,0.013
com.google.javascript.rhino.jstype.JSTypeRegistry,468,0.013
com.google.javascript.rhino.jstype.JSTypeRegistry,470,0.013
com.google.javascript.rhino.jstype.ObjectType,472,0.013
com.google.javascript.rhino.jstype.ObjectType,473,0.013
com.google.javascript.rhino.jstype.JSTypeRegistry,474,0.013
com.google.javascript.rhino.jstype.JSTypeRegistry,475,0.013
com.google.javascript.rhino.jstype.ObjectType,475,0.013
com.google.javascript.rhino.jstype.ObjectType,477,0.013
com.google.javascript.rhino.jstype.JSTypeRegistry,480,0.013
com.google.javascript.rhino.jstype.JSTypeRegistry,482,0.013
com.google.javascript.rhino.jstype.JSTypeRegistry,486,0.013
com.google.javascript.rhino.jstype.JSTypeRegistry,488,0.013
com.google.javascript.rhino.jstype.JSTypeRegistry,492,0.013
com.google.javascript.rhino.jstype.JSTypeRegistry,494,0.013
com.google.javascript.rhino.jstype.ObjectType,494,0.013
com.google.javascript.rhino.jstype.JSTypeRegistry,498,0.013
com.google.javascript.rhino.jstype.ObjectType,498,0.013
com.google.javascript.rhino.jstype.ObjectType,499,0.013
com.google.javascript.rhino.jstype.JSTypeRegistry,507,0.013
com.google.javascript.rhino.jstype.PrototypeObjectType,516,0.013
com.google.javascript.rhino.jstype.JSTypeRegistry,518,0.013
com.google.javascript.rhino.jstype.JSTypeRegistry,519,0.013
com.google.javascript.rhino.jstype.JSTypeRegistry,522,0.013
com.google.javascript.rhino.jstype.PrototypeObjectType,522,0.013
com.google.javascript.rhino.jstype.JSTypeRegistry,523,0.013
com.google.javascript.rhino.jstype.JSTypeRegistry,526,0.013
com.google.javascript.rhino.jstype.JSTypeRegistry,528,0.013
com.google.javascript.rhino.jstype.JSTypeRegistry,531,0.013
com.google.javascript.rhino.jstype.JSTypeRegistry,533,0.013
com.google.javascript.rhino.jstype.JSTypeRegistry,536,0.013
com.google.javascript.rhino.jstype.JSTypeRegistry,538,0.013
com.google.javascript.rhino.jstype.JSTypeRegistry,543,0.013
com.google.javascript.rhino.jstype.JSTypeRegistry,544,0.013
com.google.javascript.rhino.jstype.JSTypeRegistry,547,0.013
com.google.javascript.rhino.jstype.JSTypeRegistry,548,0.013
com.google.javascript.rhino.jstype.JSTypeRegistry,549,0.013
com.google.javascript.rhino.jstype.JSTypeRegistry,550,0.013
com.google.javascript.rhino.jstype.JSTypeRegistry,551,0.013
com.google.javascript.rhino.jstype.JSTypeRegistry,552,0.013
com.google.javascript.rhino.jstype.JSTypeRegistry,553,0.013
com.google.javascript.rhino.jstype.JSTypeRegistry,554,0.013
com.google.javascript.rhino.jstype.JSTypeRegistry,555,0.013
com.google.javascript.rhino.jstype.JSTypeRegistry,556,0.013
com.google.javascript.rhino.jstype.JSTypeRegistry,557,0.013
com.google.javascript.rhino.jstype.JSTypeRegistry,558,0.013
com.google.javascript.rhino.jstype.JSTypeRegistry,559,0.013
com.google.javascript.rhino.jstype.JSTypeRegistry,560,0.013
com.google.javascript.rhino.jstype.JSTypeRegistry,561,0.013
com.google.javascript.rhino.jstype.JSTypeRegistry,562,0.013
com.google.javascript.rhino.jstype.JSTypeRegistry,563,0.013
com.google.javascript.rhino.jstype.JSTypeRegistry,564,0.013
com.google.javascript.rhino.jstype.JSTypeRegistry,565,0.013
com.google.javascript.rhino.jstype.JSTypeRegistry,566,0.013
com.google.javascript.rhino.jstype.JSTypeRegistry,567,0.013
com.google.javascript.rhino.jstype.JSTypeRegistry,568,0.013
com.google.javascript.rhino.jstype.JSTypeRegistry,569,0.013
com.google.javascript.rhino.jstype.JSTypeRegistry,570,0.013
com.google.javascript.rhino.jstype.JSTypeRegistry,573,0.013
com.google.javascript.rhino.jstype.JSTypeRegistry,574,0.013
com.google.javascript.rhino.jstype.JSTypeRegistry,577,0.013
com.google.javascript.rhino.jstype.JSTypeRegistry,580,0.013
com.google.javascript.rhino.jstype.JSTypeRegistry,584,0.013
com.google.javascript.rhino.jstype.JSTypeRegistry,587,0.013
com.google.javascript.rhino.jstype.JSTypeRegistry,588,0.013
com.google.javascript.rhino.jstype.FunctionType,603,0.013
com.google.javascript.rhino.jstype.JSTypeRegistry,603,0.013
com.google.javascript.rhino.jstype.FunctionType,604,0.013
com.google.javascript.rhino.jstype.JSTypeRegistry,604,0.013
com.google.javascript.rhino.jstype.FunctionType,605,0.013
com.google.javascript.rhino.jstype.JSTypeRegistry,605,0.013
com.google.javascript.rhino.jstype.JSTypeRegistry,606,0.013
com.google.javascript.rhino.jstype.FunctionType,608,0.013
com.google.javascript.rhino.jstype.JSTypeRegistry,609,0.013
com.google.javascript.rhino.jstype.JSTypeRegistry,610,0.013
com.google.javascript.rhino.jstype.JSTypeRegistry,613,0.013
com.google.javascript.rhino.jstype.JSTypeRegistry,614,0.013
com.google.javascript.rhino.jstype.JSTypeRegistry,618,0.013
com.google.javascript.rhino.jstype.JSTypeRegistry,619,0.013
com.google.javascript.rhino.jstype.JSTypeRegistry,621,0.013
com.google.javascript.rhino.jstype.JSTypeRegistry,622,0.013
com.google.javascript.rhino.jstype.JSTypeRegistry,623,0.013
com.google.javascript.rhino.jstype.JSTypeRegistry,625,0.013
com.google.javascript.rhino.jstype.JSTypeRegistry,626,0.013
com.google.javascript.rhino.jstype.JSTypeRegistry,627,0.013
com.google.javascript.rhino.jstype.FunctionType,634,0.013
com.google.javascript.rhino.jstype.JSTypeRegistry,635,0.013
com.google.javascript.rhino.jstype.FunctionType,637,0.013
com.google.javascript.rhino.jstype.FunctionType,638,0.013
com.google.javascript.rhino.jstype.FunctionType,641,0.013
com.google.javascript.rhino.jstype.FunctionType,642,0.013
com.google.javascript.rhino.jstype.FunctionType,643,0.013
com.google.javascript.rhino.jstype.FunctionType,736,0.013
com.google.javascript.rhino.jstype.FunctionType,737,0.013
com.google.javascript.rhino.jstype.FunctionType,789,0.013
com.google.javascript.rhino.jstype.FunctionType,790,0.013
com.google.javascript.rhino.jstype.FunctionType,795,0.013
com.google.javascript.rhino.jstype.FunctionType,796,0.013
com.google.javascript.rhino.jstype.FunctionType,802,0.013
com.google.javascript.rhino.jstype.JSTypeRegistry,817,0.013
com.google.javascript.rhino.jstype.JSTypeRegistry,821,0.013
com.google.javascript.rhino.jstype.FunctionType,829,0.013
com.google.javascript.rhino.jstype.FunctionType,830,0.013
com.google.javascript.rhino.jstype.FunctionType,832,0.013
com.google.javascript.rhino.jstype.FunctionType,833,0.013
com.google.javascript.rhino.jstype.FunctionType,837,0.013
com.google.javascript.rhino.jstype.FunctionType,839,0.013
com.google.javascript.rhino.jstype.FunctionType,845,0.013
com.google.javascript.rhino.jstype.FunctionType,854,0.013
com.google.javascript.rhino.jstype.FunctionType,867,0.013
com.google.javascript.rhino.jstype.JSType,902,0.013
com.google.javascript.rhino.jstype.JSTypeRegistry,905,0.013
com.google.javascript.rhino.jstype.JSTypeRegistry,906,0.013
com.google.javascript.rhino.jstype.JSTypeRegistry,978,0.013
com.google.javascript.rhino.jstype.JSTypeRegistry,988,0.013
com.google.javascript.rhino.jstype.JSTypeRegistry,1035,0.013
com.google.javascript.rhino.jstype.JSTypeRegistry,1141,0.013
com.google.javascript.rhino.jstype.JSTypeRegistry,1149,0.013
com.google.javascript.rhino.jstype.JSTypeRegistry,1150,0.013
com.google.javascript.rhino.jstype.JSTypeRegistry,1151,0.013
com.google.javascript.rhino.jstype.JSTypeRegistry,1165,0.013
com.google.javascript.rhino.jstype.JSTypeRegistry,1166,0.013
com.google.javascript.rhino.jstype.JSTypeRegistry,1167,0.013
com.google.javascript.rhino.jstype.JSTypeRegistry,1168,0.013
com.google.javascript.rhino.jstype.JSTypeRegistry,1169,0.013
com.google.javascript.rhino.jstype.JSTypeRegistry,1171,0.013
com.google.javascript.rhino.jstype.JSTypeRegistry,1174,0.013
com.google.javascript.rhino.jstype.JSTypeRegistry,1186,0.013
com.google.javascript.rhino.jstype.JSTypeRegistry,1187,0.013
com.google.javascript.rhino.jstype.JSTypeRegistry,1229,0.013
com.google.javascript.rhino.jstype.JSTypeRegistry,1270,0.013
com.google.javascript.rhino.Node,1923,0.013
com.google.javascript.rhino.Node,1924,0.013
com.google.javascript.rhino.Node,1995,0.013
com.google.javascript.rhino.Node,1996,0.013
com.google.javascript.rhino.jstype.ValueType,54,0.013
com.google.javascript.rhino.jstype.InstanceObjectType,67,0.013
com.google.javascript.rhino.jstype.JSType,70,0.013
com.google.javascript.rhino.jstype.JSType,71,0.013
com.google.javascript.rhino.jstype.UnionTypeBuilder,71,0.013
com.google.javascript.rhino.jstype.InstanceObjectType,72,0.013
com.google.javascript.rhino.jstype.UnionTypeBuilder,72,0.013
com.google.javascript.rhino.jstype.UnionTypeBuilder,73,0.013
com.google.javascript.rhino.jstype.UnionTypeBuilder,74,0.013
com.google.javascript.rhino.jstype.NoType,75,0.013
com.google.javascript.rhino.jstype.InstanceObjectType,77,0.013
com.google.javascript.rhino.jstype.UnionTypeBuilder,77,0.013
com.google.javascript.rhino.jstype.UnionTypeBuilder,79,0.013
com.google.javascript.rhino.jstype.UnionTypeBuilder,80,0.013
com.google.javascript.rhino.jstype.UnionTypeBuilder,81,0.013
com.google.javascript.rhino.jstype.InstanceObjectType,82,0.013
com.google.javascript.rhino.jstype.UnionType,82,0.013
com.google.javascript.rhino.jstype.UnionType,83,0.013
com.google.javascript.rhino.jstype.UnionType,84,0.013
com.google.javascript.rhino.jstype.UnionType,85,0.013
com.google.javascript.rhino.jstype.InstanceObjectType,97,0.013
com.google.javascript.rhino.jstype.NumberType,97,0.013
com.google.javascript.rhino.jstype.InstanceObjectType,98,0.013
com.google.javascript.rhino.jstype.UnionTypeBuilder,98,0.013
com.google.javascript.rhino.jstype.JSType,102,0.013
com.google.javascript.rhino.jstype.NumberType,102,0.013
com.google.javascript.rhino.jstype.UnionTypeBuilder,102,0.013
com.google.javascript.rhino.jstype.JSType,103,0.013
com.google.javascript.rhino.jstype.JSType,104,0.013
com.google.javascript.rhino.jstype.UnionTypeBuilder,104,0.013
com.google.javascript.rhino.jstype.UnionTypeBuilder,105,0.013
com.google.javascript.rhino.jstype.UnionTypeBuilder,106,0.013
com.google.javascript.rhino.jstype.UnionTypeBuilder,110,0.013
com.google.javascript.rhino.jstype.UnionTypeBuilder,111,0.013
com.google.javascript.rhino.jstype.UnionTypeBuilder,117,0.013
com.google.javascript.rhino.jstype.UnionTypeBuilder,124,0.013
com.google.javascript.rhino.jstype.UnionTypeBuilder,125,0.013
com.google.javascript.rhino.jstype.UnionTypeBuilder,126,0.013
com.google.javascript.rhino.jstype.UnionTypeBuilder,131,0.013
com.google.javascript.rhino.jstype.UnionTypeBuilder,140,0.013
com.google.javascript.rhino.jstype.UnionTypeBuilder,143,0.013
com.google.javascript.rhino.jstype.InstanceObjectType,146,0.013
com.google.javascript.rhino.jstype.UnionTypeBuilder,148,0.013
com.google.javascript.rhino.jstype.UnionTypeBuilder,149,0.013
com.google.javascript.rhino.jstype.UnionTypeBuilder,150,0.013
com.google.javascript.rhino.jstype.InstanceObjectType,151,0.013
com.google.javascript.rhino.jstype.JSType,151,0.013
com.google.javascript.rhino.jstype.UnionTypeBuilder,151,0.013
com.google.javascript.rhino.jstype.InstanceObjectType,153,0.013
com.google.javascript.rhino.jstype.InstanceObjectType,154,0.013
com.google.javascript.rhino.jstype.InstanceObjectType,155,0.013
com.google.javascript.rhino.jstype.JSType,155,0.013
com.google.javascript.rhino.jstype.UnionTypeBuilder,155,0.013
com.google.javascript.rhino.jstype.InstanceObjectType,159,0.013
com.google.javascript.rhino.jstype.UnionTypeBuilder,164,0.013
com.google.javascript.rhino.jstype.UnionTypeBuilder,166,0.013
com.google.javascript.rhino.jstype.InstanceObjectType,168,0.013
com.google.javascript.rhino.jstype.InstanceObjectType,169,0.013
com.google.javascript.rhino.jstype.UnionTypeBuilder,173,0.013
com.google.javascript.rhino.jstype.UnionTypeBuilder,174,0.013
com.google.javascript.rhino.jstype.UnionTypeBuilder,176,0.013
com.google.javascript.rhino.jstype.UnionTypeBuilder,177,0.013
com.google.javascript.rhino.jstype.UnionTypeBuilder,192,0.013
com.google.javascript.rhino.jstype.UnionTypeBuilder,193,0.013
com.google.javascript.rhino.jstype.UnionTypeBuilder,194,0.013
com.google.javascript.rhino.jstype.UnionTypeBuilder,195,0.013
com.google.javascript.rhino.jstype.UnionTypeBuilder,198,0.013
com.google.javascript.rhino.jstype.UnionTypeBuilder,204,0.013
com.google.javascript.rhino.jstype.UnionTypeBuilder,212,0.013
com.google.javascript.rhino.jstype.UnionTypeBuilder,214,0.013
com.google.javascript.rhino.jstype.JSType,240,0.013
com.google.javascript.rhino.jstype.JSType,244,0.013
com.google.javascript.rhino.jstype.FunctionType,260,0.013
com.google.javascript.rhino.jstype.FunctionType,263,0.013
com.google.javascript.rhino.jstype.JSType,353,0.013
com.google.javascript.rhino.jstype.PrototypeObjectType,394,0.013
com.google.javascript.rhino.jstype.PrototypeObjectType,410,0.013
com.google.javascript.rhino.jstype.PrototypeObjectType,411,0.013
com.google.javascript.rhino.jstype.PrototypeObjectType,419,0.013
com.google.javascript.rhino.jstype.PrototypeObjectType,424,0.013
com.google.javascript.rhino.jstype.PrototypeObjectType,429,0.013
com.google.javascript.rhino.jstype.PrototypeObjectType,436,0.013
com.google.javascript.rhino.jstype.PrototypeObjectType,443,0.013
com.google.javascript.rhino.jstype.PrototypeObjectType,444,0.013
com.google.javascript.rhino.jstype.PrototypeObjectType,445,0.013
com.google.javascript.rhino.jstype.ObjectType,448,0.013
com.google.javascript.rhino.jstype.ObjectType,449,0.013
com.google.javascript.rhino.jstype.ObjectType,450,0.013
com.google.javascript.rhino.jstype.ObjectType,451,0.013
com.google.javascript.rhino.jstype.ObjectType,455,0.013
com.google.javascript.rhino.jstype.PrototypeObjectType,455,0.013
com.google.javascript.rhino.jstype.PrototypeObjectType,456,0.013
com.google.javascript.rhino.jstype.PrototypeObjectType,462,0.013
com.google.javascript.rhino.jstype.PrototypeObjectType,469,0.013
com.google.javascript.rhino.jstype.PrototypeObjectType,470,0.013
com.google.javascript.rhino.jstype.ObjectType,471,0.013
com.google.javascript.rhino.jstype.PrototypeObjectType,471,0.013
com.google.javascript.rhino.jstype.PrototypeObjectType,474,0.013
com.google.javascript.rhino.jstype.JSType,476,0.013
com.google.javascript.rhino.jstype.PrototypeObjectType,476,0.013
com.google.javascript.rhino.jstype.ObjectType,480,0.013
com.google.javascript.rhino.jstype.ObjectType,510,0.013
com.google.javascript.rhino.jstype.JSType,897,0.013
com.google.javascript.rhino.jstype.JSType,901,0.013
com.google.javascript.rhino.jstype.JSType,905,0.013
com.google.javascript.rhino.jstype.JSType,909,0.013
com.google.javascript.rhino.jstype.JSType,918,0.013
com.google.javascript.rhino.jstype.JSType,921,0.013
com.google.javascript.rhino.jstype.JSTypeRegistry,943,0.013
com.google.javascript.rhino.jstype.JSTypeRegistry,944,0.013
com.google.javascript.rhino.jstype.JSTypeRegistry,945,0.013
com.google.javascript.rhino.jstype.JSTypeRegistry,947,0.013
com.google.javascript.rhino.Node,1977,0.013
com.google.javascript.rhino.Node,1978,0.013
com.google.javascript.rhino.jstype.BooleanType,103,0.013
com.google.javascript.rhino.jstype.BooleanType,108,0.013
com.google.javascript.rhino.Node,859,0.013
com.google.javascript.rhino.Node,863,0.013
com.google.javascript.rhino.jstype.StringType,92,0.013
com.google.javascript.rhino.jstype.StringType,97,0.013
com.google.javascript.rhino.Node,1161,0.013
com.google.javascript.rhino.Node,1173,0.013
com.google.javascript.rhino.jstype.JSType,330,0.013
com.google.javascript.rhino.jstype.JSType,337,0.013
com.google.javascript.rhino.jstype.JSTypeRegistry,813,0.013
com.google.javascript.rhino.Node,756,0.013
com.google.javascript.rhino.Node,758,0.013
com.google.javascript.rhino.Node,759,0.013
com.google.javascript.rhino.Node,355,0.013
com.google.javascript.rhino.Node,356,0.013
com.google.javascript.rhino.Node,826,0.013
com.google.javascript.rhino.Node,536,0.013
com.google.javascript.rhino.Node,1152,0.013
com.google.javascript.rhino.Node,1149,0.013
com.google.javascript.rhino.Node,1147,0.013
com.google.javascript.rhino.Node,741,0.013
com.google.javascript.rhino.Node,742,0.013
com.google.javascript.rhino.Node,745,0.013
com.google.javascript.rhino.Node,548,0.013
com.google.javascript.jscomp.parsing.ParserRunner,59,0.013
com.google.javascript.jscomp.parsing.ParserRunner,60,0.013
com.google.javascript.jscomp.parsing.ParserRunner,65,0.013
com.google.javascript.jscomp.parsing.ParserRunner,66,0.013
com.google.javascript.jscomp.parsing.Config,68,0.013
com.google.javascript.jscomp.parsing.Config,69,0.013
com.google.javascript.jscomp.parsing.Config,70,0.013
com.google.javascript.jscomp.parsing.Config,71,0.013
com.google.javascript.jscomp.parsing.Config,72,0.013
com.google.javascript.jscomp.parsing.Config,73,0.013
com.google.javascript.jscomp.parsing.Config,74,0.013
com.google.javascript.jscomp.parsing.Config,75,0.013
com.google.javascript.jscomp.parsing.Config,83,0.013
com.google.javascript.jscomp.parsing.Config,85,0.013
com.google.javascript.jscomp.parsing.Config,86,0.013
com.google.javascript.jscomp.parsing.Config,87,0.013
com.google.javascript.jscomp.parsing.Config,89,0.013
com.google.javascript.jscomp.parsing.Config,92,0.013
com.google.javascript.jscomp.parsing.Config,93,0.013
com.google.javascript.rhino.Node,824,0.013
com.google.javascript.rhino.Node,825,0.013
com.google.javascript.rhino.Node,828,0.013
com.google.javascript.rhino.Node,552,0.013
com.google.javascript.rhino.Node,610,0.013
com.google.javascript.rhino.Node,611,0.013
com.google.javascript.rhino.Node,612,0.013
com.google.javascript.rhino.Node,351,0.013
com.google.javascript.rhino.Node,352,0.013
com.google.javascript.rhino.Node,524,0.013
com.google.javascript.rhino.Node,831,0.013
com.google.javascript.rhino.Node,832,0.013
com.google.javascript.rhino.Node,837,0.013
com.google.javascript.rhino.Node,835,0.013
com.google.javascript.rhino.Node,836,0.013
com.google.javascript.rhino.Node,839,0.013
com.google.javascript.rhino.Node,602,0.013
com.google.javascript.rhino.Node,603,0.013
com.google.javascript.rhino.Node,604,0.013
com.google.javascript.rhino.Node,605,0.013
com.google.javascript.rhino.Node,606,0.013
com.google.javascript.rhino.Node,607,0.013
com.google.javascript.rhino.Node,608,0.013
com.google.javascript.rhino.Node,277,0.013
com.google.javascript.rhino.Node,278,0.013
com.google.javascript.rhino.Node,281,0.013
com.google.javascript.rhino.Node,282,0.013
com.google.javascript.rhino.Node,359,0.013
com.google.javascript.rhino.Node,360,0.013
com.google.javascript.rhino.Node,361,0.013
com.google.javascript.rhino.Node,362,0.013
com.google.javascript.rhino.Node,363,0.013
com.google.javascript.rhino.Node,364,0.013
com.google.javascript.rhino.Node,763,0.013
com.google.javascript.rhino.Node,764,0.013
com.google.javascript.rhino.Node,767,0.013
com.google.javascript.rhino.Node,776,0.013
com.google.javascript.rhino.Node,777,0.013
com.google.javascript.rhino.Node,368,0.013
com.google.javascript.rhino.Node,369,0.013
com.google.javascript.rhino.Node,370,0.013
com.google.javascript.rhino.Node,371,0.013
com.google.javascript.rhino.Node,372,0.013
